4
linear   essential      -0.250000   0.750000
linear   non-essential   0.000000   1.000000
linear   essential       0.000000   1.000000
linear   essential       0.000000   1.000000

每 1
significant   elliptical     8
	  0.404297  0.686182  0.227051  0.203613
	  0.003693  0.000400  0.000400  0.000400

1 1
significant   elliptical    10
	  0.364062  0.142500  0.181641  0.050390
	  0.002610  0.000400  0.000400  0.000400

个 1
significant   elliptical     8
	  0.439454  0.345264  0.192382  0.166016
	  0.003693  0.000400  0.000400  0.000400

当 1
significant   elliptical     8
	  0.374023  0.591504  0.227539  0.192382
	  0.003365  0.000577  0.000400  0.000400

3 1
significant   elliptical     6
	  0.414062  0.261979  0.183594  0.109375
	  0.000400  0.000400  0.000400  0.000400

, 1
significant   elliptical     9
	  0.134114  0.060547  0.068576  0.046007
	  0.003803  0.000400  0.000400  0.000400

9 1
significant   elliptical     6
	  0.421875  0.288737  0.167969  0.110026
	  0.000400  0.000400  0.000400  0.000400

金 1
significant   elliptical     8
	  0.327637  0.628515  0.234863  0.200195
	  0.003206  0.000606  0.000400  0.000400

币 1
significant   elliptical     8
	  0.424316  0.558398  0.242676  0.211914
	  0.003527  0.000471  0.000400  0.000400

8 1
significant   elliptical     9
	  0.414062  0.309636  0.167969  0.113281
	  0.000400  0.000400  0.000400  0.000400

4 1
significant   elliptical     1
	  0.375000  0.213672  0.156250  0.097656
	  0.000400  0.000400  0.000400  0.000400

2 1
significant   elliptical     4
	  0.365234  0.259766  0.181641  0.106445
	  0.006729  0.000400  0.000400  0.000400

7 1
significant   elliptical     1
	  0.464844  0.178125  0.175781  0.074219
	  0.000400  0.000400  0.000400  0.000400

6 1
significant   elliptical     6
	  0.234375  0.257226  0.148438  0.097656
	  0.000400  0.000400  0.000400  0.000400

蝙 1
significant   elliptical     1
	  0.355469  0.706641  0.207031  0.207031
	  0.000400  0.000400  0.000400  0.000400

蝠 1
significant   elliptical     1
	  0.371094  0.729297  0.214844  0.207031
	  0.000400  0.000400  0.000400  0.000400

翅 1
significant   elliptical     1
	  0.355469  0.735547  0.234375  0.191406
	  0.000400  0.000400  0.000400  0.000400

膀 1
significant   elliptical     1
	  0.339844  0.715625  0.218750  0.203125
	  0.000400  0.000400  0.000400  0.000400

刺 1
significant   elliptical     1
	  0.363281  0.706641  0.199219  0.218750
	  0.000400  0.000400  0.000400  0.000400

针 1
significant   elliptical     1
	  0.378906  0.499609  0.203125  0.175781
	  0.000400  0.000400  0.000400  0.000400

粗 1
significant   elliptical     1
	  0.375000  0.667188  0.226562  0.207031
	  0.000400  0.000400  0.000400  0.000400

羽 1
significant   elliptical     1
	  0.382812  0.714844  0.226562  0.222656
	  0.000400  0.000400  0.000400  0.000400

毛 1
significant   elliptical     1
	  0.406250  0.535547  0.242188  0.195312
	  0.000400  0.000400  0.000400  0.000400

毒 1
significant   elliptical     1
	  0.382812  0.658984  0.199219  0.195312
	  0.000400  0.000400  0.000400  0.000400

菇 1
significant   elliptical     1
	  0.343750  0.674219  0.214844  0.207031
	  0.000400  0.000400  0.000400  0.000400

鳄 1
significant   elliptical     2
	  0.386719  0.750781  0.214844  0.203125
	  0.000400  0.000400  0.000400  0.000400

的 1
significant   elliptical     4
	  0.361328  0.622851  0.210938  0.225585
	  0.000400  0.000400  0.000400  0.000400

皮 1
significant   elliptical     2
	  0.328125  0.582812  0.207031  0.187500
	  0.000400  0.000400  0.000400  0.000400

虎 1
significant   elliptical     1
	  0.332031  0.623438  0.203125  0.199219
	  0.000400  0.000400  0.000400  0.000400

华 1
significant   elliptical     1
	  0.394531  0.541797  0.187500  0.195312
	  0.000400  0.000400  0.000400  0.000400

丽 1
significant   elliptical     1
	  0.355469  0.683594  0.222656  0.187500
	  0.000400  0.000400  0.000400  0.000400

花 1
significant   elliptical     3
	  0.358073  0.575912  0.225261  0.205729
	  0.000400  0.001612  0.000400  0.000400

瓣 1
significant   elliptical     1
	  0.363281  0.795703  0.218750  0.203125
	  0.000400  0.000400  0.000400  0.000400

坚 1
significant   elliptical     1
	  0.351562  0.674219  0.222656  0.195312
	  0.000400  0.000400  0.000400  0.000400

硬 1
significant   elliptical     1
	  0.347656  0.664062  0.218750  0.191406
	  0.000400  0.000400  0.000400  0.000400

鳞 1
significant   elliptical     1
	  0.378906  0.750391  0.214844  0.207031
	  0.000400  0.000400  0.000400  0.000400

片 1
significant   elliptical     1
	  0.359375  0.406250  0.203125  0.183594
	  0.000400  0.000400  0.000400  0.000400

蓝 1
significant   elliptical     1
	  0.332031  0.655078  0.214844  0.187500
	  0.000400  0.000400  0.000400  0.000400

水 1
significant   elliptical     2
	  0.285156  0.458398  0.191406  0.171875
	  0.000400  0.000400  0.000400  0.000400

灵 1
significant   elliptical     1
	  0.339844  0.591797  0.203125  0.175781
	  0.000400  0.000400  0.000400  0.000400

大 1
significant   elliptical     1
	  0.304688  0.386719  0.199219  0.179688
	  0.000400  0.000400  0.000400  0.000400

珠 1
significant   elliptical     1
	  0.335938  0.566797  0.187500  0.183594
	  0.000400  0.000400  0.000400  0.000400

木 1
significant   elliptical     1
	  0.359375  0.426953  0.179688  0.183594
	  0.000400  0.000400  0.000400  0.000400

马 1
significant   elliptical     1
	  0.375000  0.556641  0.222656  0.195312
	  0.000400  0.000400  0.000400  0.000400

骑 1
significant   elliptical     1
	  0.367188  0.737891  0.203125  0.199219
	  0.000400  0.000400  0.000400  0.000400

兵 1
significant   elliptical     1
	  0.355469  0.481641  0.210938  0.183594
	  0.000400  0.000400  0.000400  0.000400

剑 1
significant   elliptical     1
	  0.339844  0.692578  0.207031  0.203125
	  0.000400  0.000400  0.000400  0.000400

三 1
significant   elliptical     1
	  0.320312  0.370313  0.265625  0.183594
	  0.000400  0.000400  0.000400  0.000400

眼 1
significant   elliptical     1
	  0.375000  0.734375  0.218750  0.203125
	  0.000400  0.000400  0.000400  0.000400

章 1
significant   elliptical     1
	  0.390625  0.586719  0.199219  0.183594
	  0.000400  0.000400  0.000400  0.000400

鱼 1
significant   elliptical     1
	  0.316406  0.650391  0.222656  0.183594
	  0.000400  0.000400  0.000400  0.000400

触 1
significant   elliptical     1
	  0.335938  0.695703  0.210938  0.214844
	  0.000400  0.000400  0.000400  0.000400

角 1
significant   elliptical     1
	  0.355469  0.566406  0.203125  0.183594
	  0.000400  0.000400  0.000400  0.000400

山 1
significant   elliptical     1
	  0.335938  0.437500  0.207031  0.199219
	  0.000400  0.000400  0.000400  0.000400

参 1
significant   elliptical     1
	  0.371094  0.756250  0.210938  0.195312
	  0.000400  0.000400  0.000400  0.000400

汤 1
significant   elliptical     1
	  0.347656  0.672266  0.222656  0.207031
	  0.000400  0.000400  0.000400  0.000400

玩 1
significant   elliptical     1
	  0.343750  0.594922  0.214844  0.199219
	  0.000400  0.000400  0.000400  0.000400

具 1
significant   elliptical     1
	  0.386719  0.583984  0.214844  0.171875
	  0.000400  0.000400  0.000400  0.000400

熊 1
significant   elliptical     2
	  0.355469  0.747070  0.218750  0.195312
	  0.000400  0.000400  0.000400  0.000400

猫 1
significant   elliptical     2
	  0.363281  0.708593  0.216797  0.207031
	  0.000400  0.000400  0.000400  0.000400

棉 1
significant   elliptical     1
	  0.359375  0.620703  0.207031  0.187500
	  0.000400  0.000400  0.000400  0.000400

团 1
significant   elliptical     1
	  0.390625  0.710938  0.226562  0.222656
	  0.000400  0.000400  0.000400  0.000400

娃 1
significant   elliptical     4
	  0.326172  0.629395  0.214844  0.195312
	  0.000400  0.000400  0.000400  0.000400

诅 1
significant   elliptical     1
	  0.335938  0.618750  0.226562  0.183594
	  0.000400  0.000400  0.000400  0.000400

咒 1
significant   elliptical     1
	  0.367188  0.548437  0.222656  0.187500
	  0.000400  0.000400  0.000400  0.000400
