68
NULL 0 Common 0
Joined 7 0,255,0,255,0,0,0,0,0,0 Latin 1 0 1 Joined	# Joined [4a 6f 69 6e 65 64 ]a
|Broken|0|1 15 0,255,0,255,0,0,0,0,0,0 Common 2 10 2 |Broken|0|1	# Broken
每 1 0,255,0,255,0,0,0,0,0,0 Han 3 0 3 每	# 每 [6bcf ]x
1 8 0,255,0,255,0,0,0,0,0,0 Common 4 2 4 1	# 1 [31 ]0
个 1 0,255,0,255,0,0,0,0,0,0 Han 5 0 5 个	# 个 [4e2a ]x
当 1 0,255,0,255,0,0,0,0,0,0 Han 6 0 6 当	# 当 [5f53 ]x
3 8 0,255,0,255,0,0,0,0,0,0 Common 7 2 7 3	# 3 [33 ]0
, 16 0,255,0,255,0,0,0,0,0,0 Common 8 6 8 ,	# , [2c ]p
9 8 0,255,0,255,0,0,0,0,0,0 Common 9 2 9 9	# 9 [39 ]0
金 1 0,255,0,255,0,0,0,0,0,0 Han 10 0 10 金	# 金 [91d1 ]x
币 1 0,255,0,255,0,0,0,0,0,0 Han 11 0 11 币	# 币 [5e01 ]x
8 8 0,255,0,255,0,0,0,0,0,0 Common 12 2 12 8	# 8 [38 ]0
4 8 0,255,0,255,0,0,0,0,0,0 Common 13 2 13 4	# 4 [34 ]0
2 8 0,255,0,255,0,0,0,0,0,0 Common 14 2 14 2	# 2 [32 ]0
7 8 0,255,0,255,0,0,0,0,0,0 Common 15 2 15 7	# 7 [37 ]0
6 8 0,255,0,255,0,0,0,0,0,0 Common 16 2 16 6	# 6 [36 ]0
蝙 1 0,255,0,255,0,0,0,0,0,0 Han 17 0 17 蝙	# 蝙 [8759 ]x
蝠 1 0,255,0,255,0,0,0,0,0,0 Han 18 0 18 蝠	# 蝠 [8760 ]x
翅 1 0,255,0,255,0,0,0,0,0,0 Han 19 0 19 翅	# 翅 [7fc5 ]x
膀 1 0,255,0,255,0,0,0,0,0,0 Han 20 0 20 膀	# 膀 [8180 ]x
刺 1 0,255,0,255,0,0,0,0,0,0 Han 21 0 21 刺	# 刺 [523a ]x
针 1 0,255,0,255,0,0,0,0,0,0 Han 22 0 22 针	# 针 [9488 ]x
粗 1 0,255,0,255,0,0,0,0,0,0 Han 23 0 23 粗	# 粗 [7c97 ]x
羽 1 0,255,0,255,0,0,0,0,0,0 Han 24 0 24 羽	# 羽 [7fbd ]x
毛 1 0,255,0,255,0,0,0,0,0,0 Han 25 0 25 毛	# 毛 [6bdb ]x
毒 1 0,255,0,255,0,0,0,0,0,0 Han 26 0 26 毒	# 毒 [6bd2 ]x
菇 1 0,255,0,255,0,0,0,0,0,0 Han 27 0 27 菇	# 菇 [83c7 ]x
鳄 1 0,255,0,255,0,0,0,0,0,0 Han 28 0 28 鳄	# 鳄 [9cc4 ]x
的 1 0,255,0,255,0,0,0,0,0,0 Han 29 0 29 的	# 的 [7684 ]x
皮 1 0,255,0,255,0,0,0,0,0,0 Han 30 0 30 皮	# 皮 [76ae ]x
虎 1 0,255,0,255,0,0,0,0,0,0 Han 31 0 31 虎	# 虎 [864e ]x
华 1 0,255,0,255,0,0,0,0,0,0 Han 32 0 32 华	# 华 [534e ]x
丽 1 0,255,0,255,0,0,0,0,0,0 Han 33 0 33 丽	# 丽 [4e3d ]x
花 1 0,255,0,255,0,0,0,0,0,0 Han 34 0 34 花	# 花 [82b1 ]x
瓣 1 0,255,0,255,0,0,0,0,0,0 Han 35 0 35 瓣	# 瓣 [74e3 ]x
坚 1 0,255,0,255,0,0,0,0,0,0 Han 36 0 36 坚	# 坚 [575a ]x
硬 1 0,255,0,255,0,0,0,0,0,0 Han 37 0 37 硬	# 硬 [786c ]x
鳞 1 0,255,0,255,0,0,0,0,0,0 Han 38 0 38 鳞	# 鳞 [9cde ]x
片 1 0,255,0,255,0,0,0,0,0,0 Han 39 0 39 片	# 片 [7247 ]x
蓝 1 0,255,0,255,0,0,0,0,0,0 Han 40 0 40 蓝	# 蓝 [84dd ]x
水 1 0,255,0,255,0,0,0,0,0,0 Han 41 0 41 水	# 水 [6c34 ]x
灵 1 0,255,0,255,0,0,0,0,0,0 Han 42 0 42 灵	# 灵 [7075 ]x
大 1 0,255,0,255,0,0,0,0,0,0 Han 43 0 43 大	# 大 [5927 ]x
珠 1 0,255,0,255,0,0,0,0,0,0 Han 44 0 44 珠	# 珠 [73e0 ]x
木 1 0,255,0,255,0,0,0,0,0,0 Han 45 0 45 木	# 木 [6728 ]x
马 1 0,255,0,255,0,0,0,0,0,0 Han 46 0 46 马	# 马 [9a6c ]x
骑 1 0,255,0,255,0,0,0,0,0,0 Han 47 0 47 骑	# 骑 [9a91 ]x
兵 1 0,255,0,255,0,0,0,0,0,0 Han 48 0 48 兵	# 兵 [5175 ]x
剑 1 0,255,0,255,0,0,0,0,0,0 Han 49 0 49 剑	# 剑 [5251 ]x
三 1 0,255,0,255,0,0,0,0,0,0 Han 50 0 50 三	# 三 [4e09 ]x
眼 1 0,255,0,255,0,0,0,0,0,0 Han 51 0 51 眼	# 眼 [773c ]x
章 1 0,255,0,255,0,0,0,0,0,0 Han 52 0 52 章	# 章 [7ae0 ]x
鱼 1 0,255,0,255,0,0,0,0,0,0 Han 53 0 53 鱼	# 鱼 [9c7c ]x
触 1 0,255,0,255,0,0,0,0,0,0 Han 54 0 54 触	# 触 [89e6 ]x
角 1 0,255,0,255,0,0,0,0,0,0 Han 55 0 55 角	# 角 [89d2 ]x
山 1 0,255,0,255,0,0,0,0,0,0 Han 56 0 56 山	# 山 [5c71 ]x
参 1 0,255,0,255,0,0,0,0,0,0 Han 57 0 57 参	# 参 [53c2 ]x
汤 1 0,255,0,255,0,0,0,0,0,0 Han 58 0 58 汤	# 汤 [6c64 ]x
玩 1 0,255,0,255,0,0,0,0,0,0 Han 59 0 59 玩	# 玩 [73a9 ]x
具 1 0,255,0,255,0,0,0,0,0,0 Han 60 0 60 具	# 具 [5177 ]x
熊 1 0,255,0,255,0,0,0,0,0,0 Han 61 0 61 熊	# 熊 [718a ]x
猫 1 0,255,0,255,0,0,0,0,0,0 Han 62 0 62 猫	# 猫 [732b ]x
棉 1 0,255,0,255,0,0,0,0,0,0 Han 63 0 63 棉	# 棉 [68c9 ]x
团 1 0,255,0,255,0,0,0,0,0,0 Han 64 0 64 团	# 团 [56e2 ]x
娃 1 0,255,0,255,0,0,0,0,0,0 Han 65 0 65 娃	# 娃 [5a03 ]x
诅 1 0,255,0,255,0,0,0,0,0,0 Han 66 0 66 诅	# 诅 [8bc5 ]x
咒 1 0,255,0,255,0,0,0,0,0,0 Han 67 0 67 咒	# 咒 [5492 ]x
